200900001 20090703000505
200900002 20090703004214
200900003 20090703005025
200900004 20090703012311
200900005 20090703014330
200900006 20090703022835
200900007 20090703035932
200900008 20090703040723
200900009 20090703041218
200900010 20090703051351
200900011 20090703052539
200900012 20090703055602
200900013 20090703091810
200900014 20090703093707
200900015 20090703130601
200900016 20090703131415
200900017 20090703133601
200900018 20090703134656
200900019 20090703135032
200900020 20090703135935
200900021 20090703151548
200900022 20090703154204
200900023 20090703180341
200900024 20090703180938
200900025 20090703181544
200900026 20090703181922
200900027 20090703183105
200900028 20090703185258
200900029 20090703191116
200900030 20090703192015
200900031 20090703222540
200900032 20090703223404
200900033 20090703232517
